0.01	0.244
0.02	0.262
0.03	0.281
0.04	0.3
0.05	0.319
0.06	0.337
0.07	0.356
0.08	0.375
0.09	0.394
0.1	0.413
0.11	0.431
0.12	0.45
0.13	0.469
0.14	0.488
0.15	0.506
0.16	0.525
0.17	0.544
0.18	0.562
0.19	0.562
0.2	0.562
0.21	0.562
0.22	0.562
0.23	0.562
0.24	0.562
0.25	0.562
0.26	0.562
0.27	0.562
0.28	0.562
0.29	0.562
0.3	0.562
0.31	0.562
0.32	0.562
0.33	0.562
0.34	0.562
0.35	0.562
0.36	0.562
0.37	0.562
0.38	0.562
0.39	0.562
0.4	0.562
0.41	0.562
0.42	0.562
0.43	0.562
0.44	0.562
0.45	0.562
0.46	0.562
0.47	0.562
0.48	0.562
0.49	0.562
0.5	0.562
0.51	0.562
0.52	0.562
0.53	0.562
0.54	0.562
0.55	0.562
0.56	0.562
0.57	0.562
0.58	0.562
0.59	0.562
0.6	0.562
0.61	0.562
0.62	0.562
0.63	0.562
0.64	0.562
0.65	0.562
0.66	0.562
0.67	0.562
0.68	0.562
0.69	0.562
0.7	0.562
0.71	0.562
0.72	0.562
0.73	0.562
0.74	0.562
0.75	0.562
0.76	0.562
0.77	0.562
0.78	0.562
0.79	0.562
0.8	0.562
0.81	0.562
0.82	0.562
0.83	0.562
0.84	0.562
0.85	0.562
0.86	0.558
0.87	0.552
0.88	0.545
0.89	0.539
0.9	0.533
0.91	0.527
0.92	0.522
0.93	0.516
0.94	0.511
0.95	0.505
0.96	0.5
0.97	0.495
0.98	0.49
0.99	0.485
1	0.48
1.01	0.475
1.02	0.471
1.03	0.466
1.04	0.462
1.05	0.457
1.06	0.453
1.07	0.449
1.08	0.444
1.09	0.44
1.1	0.436
1.11	0.432
1.12	0.429
1.13	0.425
1.14	0.421
1.15	0.417
1.16	0.414
1.17	0.41
1.18	0.407
1.19	0.403
1.2	0.4
1.21	0.397
1.22	0.393
1.23	0.39
1.24	0.387
1.25	0.384
1.26	0.381
1.27	0.378
1.28	0.375
1.29	0.372
1.3	0.369
1.31	0.366
1.32	0.364
1.33	0.361
1.34	0.358
1.35	0.356
1.36	0.353
1.37	0.35
1.38	0.348
1.39	0.345
1.4	0.343
1.41	0.34
1.42	0.338
1.43	0.336
1.44	0.333
1.45	0.331
1.46	0.329
1.47	0.327
1.48	0.324
1.49	0.322
1.5	0.32
1.51	0.318
1.52	0.316
1.53	0.314
1.54	0.312
1.55	0.31
1.56	0.308
1.57	0.306
1.58	0.304
1.59	0.302
1.6	0.3
1.61	0.298
1.62	0.296
1.63	0.294
1.64	0.293
1.65	0.291
1.66	0.289
1.67	0.287
1.68	0.286
1.69	0.284
1.7	0.282
1.71	0.281
1.72	0.279
1.73	0.277
1.74	0.276
1.75	0.274
1.76	0.273
1.77	0.271
1.78	0.27
1.79	0.268
1.8	0.267
1.81	0.265
1.82	0.264
1.83	0.262
1.84	0.261
1.85	0.259
1.86	0.258
1.87	0.257
1.88	0.255
1.89	0.254
1.9	0.253
1.91	0.251
1.92	0.25
1.93	0.249
1.94	0.247
1.95	0.246
1.96	0.245
1.97	0.244
1.98	0.242
1.99	0.241
2	0.24
2.01	0.239
2.02	0.238
2.03	0.236
2.04	0.235
2.05	0.234
2.06	0.233
2.07	0.232
2.08	0.231
2.09	0.23
2.1	0.229
2.11	0.227
2.12	0.226
2.13	0.225
2.14	0.224
2.15	0.223
2.16	0.222
2.17	0.221
2.18	0.22
2.19	0.219
2.2	0.218
2.21	0.217
2.22	0.216
2.23	0.215
2.24	0.214
2.25	0.213
2.26	0.212
2.27	0.211
2.28	0.211
2.29	0.21
2.3	0.209
2.31	0.208
2.32	0.207
2.33	0.206
2.34	0.205
2.35	0.204
2.36	0.203
2.37	0.203
2.38	0.202
2.39	0.201
2.4	0.2
2.41	0.199
2.42	0.198
2.43	0.198
2.44	0.197
2.45	0.196
2.46	0.195
2.47	0.194
2.48	0.194
2.49	0.193
2.5	0.192
2.51	0.191
2.52	0.19
2.53	0.19
2.54	0.189
2.55	0.188
2.56	0.188
2.57	0.187
2.58	0.186
2.59	0.185
2.6	0.185
2.61	0.184
2.62	0.183
2.63	0.183
2.64	0.182
2.65	0.181
2.66	0.18
2.67	0.18
2.68	0.179
2.69	0.178
2.7	0.178
2.71	0.177
2.72	0.176
2.73	0.176
2.74	0.175
2.75	0.175
2.76	0.174
2.77	0.173
2.78	0.173
2.79	0.172
2.8	0.171
2.81	0.171
2.82	0.17
2.83	0.17
2.84	0.169
2.85	0.168
2.86	0.168
2.87	0.167
2.88	0.167
2.89	0.166
2.9	0.166
2.91	0.165
2.92	0.164
2.93	0.164
2.94	0.163
2.95	0.163
2.96	0.162
2.97	0.162
2.98	0.161
2.99	0.161
3	0.16
3.01	0.159
3.02	0.159
3.03	0.158
3.04	0.158
3.05	0.157
3.06	0.157
3.07	0.156
3.08	0.156
3.09	0.155
3.1	0.155
3.11	0.154
3.12	0.154
3.13	0.153
3.14	0.153
3.15	0.152
3.16	0.152
3.17	0.151
3.18	0.151
3.19	0.15
3.2	0.15
3.21	0.15
3.22	0.149
3.23	0.149
3.24	0.148
3.25	0.148
3.26	0.147
3.27	0.147
3.28	0.146
3.29	0.146
3.3	0.145
3.31	0.145
3.32	0.145
3.33	0.144
3.34	0.144
3.35	0.143
3.36	0.143
3.37	0.142
3.38	0.142
3.39	0.142
3.4	0.141
3.41	0.141
3.42	0.14
3.43	0.14
3.44	0.14
3.45	0.139
3.46	0.139
3.47	0.138
3.48	0.138
3.49	0.138
3.5	0.137
3.51	0.137
3.52	0.136
3.53	0.136
3.54	0.136
3.55	0.135
3.56	0.135
3.57	0.134
3.58	0.134
3.59	0.134
3.6	0.133
3.61	0.133
3.62	0.133
3.63	0.132
3.64	0.132
3.65	0.132
3.66	0.131
3.67	0.131
3.68	0.13
3.69	0.13
3.7	0.13
3.71	0.129
3.72	0.129
3.73	0.129
3.74	0.128
3.75	0.128
3.76	0.128
3.77	0.127
3.78	0.127
3.79	0.127
3.8	0.126
3.81	0.126
3.82	0.126
3.83	0.125
3.84	0.125
3.85	0.125
3.86	0.124
3.87	0.124
3.88	0.124
3.89	0.123
3.9	0.123
3.91	0.123
3.92	0.122
3.93	0.122
3.94	0.122
3.95	0.122
3.96	0.121
3.97	0.121
3.98	0.121
3.99	0.12
4	0.12
4.01	0.12
4.02	0.119
4.03	0.119
4.04	0.119
4.05	0.119
4.06	0.118
4.07	0.118
4.08	0.118
4.09	0.117
4.1	0.117
4.11	0.117
4.12	0.117
4.13	0.116
4.14	0.116
4.15	0.116
4.16	0.115
4.17	0.115
4.18	0.115
4.19	0.115
4.2	0.114
4.21	0.114
4.22	0.114
4.23	0.113
4.24	0.113
4.25	0.113
4.26	0.113
4.27	0.112
4.28	0.112
4.29	0.112
4.3	0.112
4.31	0.111
4.32	0.111
4.33	0.111
4.34	0.111
4.35	0.11
4.36	0.11
4.37	0.11
4.38	0.11
4.39	0.109
4.4	0.109
4.41	0.109
4.42	0.109
4.43	0.108
4.44	0.108
4.45	0.108
4.46	0.108
4.47	0.107
4.48	0.107
4.49	0.107
4.5	0.107
4.51	0.106
4.52	0.106
4.53	0.106
4.54	0.106
4.55	0.105
4.56	0.105
4.57	0.105
4.58	0.105
4.59	0.105
4.6	0.104
4.61	0.104
4.62	0.104
4.63	0.104
4.64	0.103
4.65	0.103
4.66	0.103
4.67	0.103
4.68	0.103
4.69	0.102
4.7	0.102
4.71	0.102
4.72	0.102
4.73	0.101
4.74	0.101
4.75	0.101
4.76	0.101
4.77	0.101
4.78	0.1
4.79	0.1
4.8	0.1
4.81	0.1
4.82	0.099
4.83	0.099
4.84	0.098
4.85	0.098
4.86	0.098
4.87	0.097
4.88	0.097
4.89	0.096
4.9	0.096
4.91	0.096
4.92	0.095
4.93	0.095
4.94	0.094
4.95	0.094
4.96	0.094
4.97	0.093
4.98	0.093
4.99	0.093
5	0.092